1562	1609	1583	1633	1264	1464	1592	1467	1450	1473	1263	1434	1596	1441	1536	1501	1338	1615	1401	1424	1429	1555	1645	1502	1420	1515	1495	1328	1733	1225	1594	1475	1254	1423	1508	1350	1797	1554	1625	1392	1670	1426	1341	1459	1406	1476	1471	1581	1838	1551	
1436	1669	1424	1609	1288	1421	1594	1553	1568	1544	1273	1481	1491	1340	1464	1557	1343	1634	1441	1419	1448	1693	1655	1512	1484	1531	1643	1417	1586	1346	1591	1499	1367	1424	1521	1372	1682	1595	1527	1505	1482	1516	1195	1482	1375	1453	1430	1581	1733	1521	
1441	1581	1302	1720	1380	1441	1647	1559	1476	1549	1431	1663	1644	1362	1605	1515	1444	1716	1655	1425	1565	1560	1601	1594	1387	1637	1544	1396	1771	1385	1491	1530	1422	1455	1424	1393	1710	1537	1615	1631	1548	1481	1273	1502	1348	1392	1419	1624	1655	1599	
1521	1696	1447	1657	1436	1434	1704	1630	1613	1509	1392	1453	1746	1314	1489	1565	1344	1642	1627	1544	1592	1629	1694	1547	1592	1530	1630	1413	1736	1251	1634	1481	1406	1579	1451	1589	1651	1609	1625	1650	1488	1446	1307	1519	1355	1428	1456	1502	1701	1599	
1386	1527	1524	1674	1232	1485	1641	1527	1574	1545	1278	1574	1684	1320	1458	1357	1349	1599	1442	1437	1407	1600	1626	1451	1510	1505	1465	1399	1601	1122	1584	1501	1355	1395	1559	1385	1672	1494	1552	1572	1551	1416	1253	1452	1393	1482	1470	1522	1660	1550	
1495	1559	1495	1618	1234	1395	1625	1525	1604	1577	1339	1555	1620	1386	1414	1563	1365	1625	1485	1481	1504	1534	1699	1513	1472	1474	1653	1378	1703	1322	1608	1466	1333	1509	1512	1352	1698	1531	1482	1502	1557	1478	1227	1509	1410	1462	1497	1633	1837	1546	
1651	1777	1524	1876	1406	1485	1702	1779	1824	1776	1568	1798	1907	1489	1593	1558	1597	1858	1758	1516	1639	1699	1786	1655	1677	1743	1625	1551	1917	1417	1631	1702	1607	1704	1596	1572	1875	1705	1776	1793	1739	1548	1402	1613	1584	1670	1547	1757	1915	1761	
1370	1350	1181	1468	1121	1262	1372	1463	1512	1384	1196	1338	1383	1184	1428	1212	1254	1484	1361	1218	1295	1280	1509	1401	1322	1443	1317	1144	1497	1140	1392	1347	1289	1239	1258	1345	1485	1402	1431	1391	1330	1283	1128	1392	1334	1247	1275	1482	1499	1488	
1352	1525	1369	1593	1183	1437	1552	1496	1499	1506	1243	1454	1480	1228	1402	1449	1144	1448	1474	1335	1385	1457	1564	1491	1395	1449	1579	1334	1622	1212	1453	1378	1196	1362	1376	1316	1608	1477	1424	1404	1441	1433	1157	1414	1294	1461	1363	1505	1690	1474	
1499	1637	1586	1813	1340	1488	1742	1691	1704	1629	1486	1505	1790	1442	1596	1602	1345	1641	1687	1646	1449	1695	1793	1593	1639	1673	1684	1472	1734	1353	1722	1670	1427	1548	1623	1569	1755	1679	1715	1570	1636	1513	1376	1563	1542	1600	1591	1625	1825	1609	
1469	1531	1381	1631	1278	1353	1522	1595	1505	1582	1377	1566	1633	1435	1539	1526	1374	1570	1547	1451	1424	1540	1640	1495	1445	1598	1591	1305	1553	1336	1514	1564	1380	1501	1452	1177	1651	1554	1637	1515	1428	1382	1197	1449	1417	1453	1369	1507	1693	1628	
1145	1265	1264	1418	1043	1111	1382	1250	1277	1390	1084	1223	1486	1149	1207	1204	1086	1302	1292	1281	1271	1276	1373	1356	1300	1312	1269	1194	1383	1011	1332	1261	1165	1237	1281	1220	1314	1149	1306	1251	1217	1146	959	1287	1127	1254	1222	1379	1414	1337	
1399	1481	1324	1620	1228	1307	1490	1473	1539	1398	1282	1572	1521	1386	1421	1349	1324	1501	1515	1374	1499	1520	1545	1531	1379	1499	1402	1268	1563	1236	1580	1436	1374	1259	1385	1384	1635	1430	1546	1508	1363	1357	1239	1512	1267	1402	1319	1534	1673	1445	
1526	1727	1567	1719	1334	1489	1680	1592	1713	1573	1525	1656	1743	1414	1568	1499	1401	1693	1619	1546	1653	1573	1741	1521	1587	1606	1698	1317	1784	1419	1694	1526	1410	1487	1473	1441	1819	1586	1717	1699	1537	1646	1196	1456	1397	1434	1528	1466	1697	1653	
1176	1389	1268	1398	1041	1251	1353	1297	1329	1309	1105	1194	1476	1179	1306	1144	1263	1273	1274	1152	1215	1394	1491	1228	1243	1292	1204	1206	1319	1046	1307	1200	1135	1232	1311	1208	1357	1345	1329	1265	1242	1088	991	1173	1202	1253	1195	1287	1354	1329	
1412	1547	1481	1705	1231	1523	1665	1507	1654	1503	1358	1572	1696	1435	1422	1405	1369	1463	1553	1409	1366	1458	1769	1552	1513	1613	1488	1358	1638	1194	1653	1458	1394	1324	1561	1444	1672	1521	1590	1481	1467	1448	1252	1503	1392	1423	1453	1544	1682	1624	
1413	1504	1443	1619	1208	1321	1619	1455	1584	1451	1281	1499	1573	1299	1485	1443	1333	1607	1486	1506	1522	1628	1586	1454	1412	1414	1570	1371	1623	1296	1653	1405	1255	1350	1487	1461	1716	1489	1528	1438	1554	1354	1291	1416	1337	1459	1486	1592	1737	1524	
1451	1537	1466	1595	1233	1458	1708	1593	1544	1508	1428	1612	1737	1383	1498	1479	1395	1715	1522	1408	1529	1501	1637	1563	1501	1533	1613	1352	1660	1333	1692	1490	1367	1489	1484	1485	1609	1492	1681	1571	1513	1485	1243	1511	1387	1377	1441	1563	1789	1522	
1134	1144	1128	1286	1014	1094	1308	1202	1185	1213	1009	1147	1262	1102	1257	1156	1145	1350	1257	1082	1168	1149	1292	1277	1141	1168	1254	1076	1276	1049	1247	1190	1049	1191	1208	1069	1258	1200	1288	1168	1165	1073	928	1215	1173	1179	1113	1232	1241	1333	
1401	1268	1430	1519	1121	1330	1446	1374	1409	1328	1298	1316	1494	1258	1417	1300	1201	1438	1416	1361	1356	1327	1442	1415	1314	1349	1354	1187	1594	1172	1398	1320	1115	1304	1347	1202	1611	1404	1442	1232	1417	1227	1190	1358	1345	1399	1385	1433	1598	1404	
1505	1476	1423	1613	1332	1384	1511	1569	1595	1504	1403	1581	1505	1351	1476	1475	1366	1590	1595	1425	1482	1395	1601	1541	1432	1453	1483	1279	1576	1236	1566	1471	1282	1417	1369	1266	1637	1539	1514	1495	1457	1442	1350	1574	1453	1498	1493	1500	1788	1599	
1155	1374	1286	1423	1134	1280	1318	1273	1261	1308	1158	1183	1399	1162	1290	1274	1101	1319	1279	1229	1249	1410	1469	1293	1241	1331	1323	1208	1348	1157	1342	1241	1073	1175	1265	1213	1384	1282	1275	1287	1219	1131	1010	1247	1142	1209	1269	1284	1324	1331	
1483	1589	1418	1666	1186	1401	1499	1574	1645	1538	1375	1389	1527	1345	1567	1315	1295	1620	1390	1319	1504	1496	1578	1467	1486	1614	1439	1291	1675	1213	1513	1510	1319	1313	1425	1402	1749	1589	1617	1482	1399	1398	1258	1390	1385	1459	1438	1542	1742	1595	
1446	1542	1400	1711	1211	1440	1552	1472	1616	1446	1269	1454	1483	1443	1513	1451	1303	1645	1499	1436	1445	1606	1670	1529	1460	1406	1519	1330	1663	1198	1586	1543	1280	1400	1447	1421	1649	1472	1497	1477	1516	1354	1280	1465	1412	1459	1435	1567	1668	1553	
1349	1541	1354	1691	1170	1513	1552	1504	1664	1539	1271	1557	1485	1320	1520	1357	1283	1532	1515	1397	1449	1443	1530	1576	1470	1522	1457	1356	1672	1186	1590	1396	1301	1300	1413	1453	1684	1422	1437	1523	1437	1400	1224	1590	1337	1536	1367	1590	1760	1624	
1534	1708	1473	1829	1337	1523	1723	1625	1708	1684	1455	1684	1713	1439	1560	1567	1476	1636	1721	1593	1581	1646	1716	1654	1609	1634	1576	1501	1759	1336	1708	1585	1358	1423	1511	1506	1744	1575	1564	1620	1804	1473	1429	1695	1523	1608	1583	1721	1914	1668	
1543	1560	1406	1487	1299	1453	1533	1506	1569	1459	1413	1509	1657	1301	1483	1502	1414	1636	1439	1372	1568	1471	1704	1489	1462	1504	1617	1276	1645	1236	1598	1418	1328	1451	1381	1291	1617	1587	1507	1550	1440	1443	1258	1464	1448	1400	1476	1501	1677	1497	
1688	1757	1693	1855	1455	1553	1787	1725	1744	1655	1473	1681	1869	1481	1671	1620	1558	1850	1691	1650	1652	1817	1835	1658	1612	1729	1833	1584	1874	1395	1756	1594	1442	1643	1732	1555	1966	1798	1788	1704	1792	1563	1349	1674	1622	1642	1642	1790	1989	1683	
1526	1533	1394	1688	1324	1446	1665	1646	1695	1551	1431	1560	1689	1396	1599	1465	1459	1640	1629	1511	1581	1523	1694	1628	1487	1567	1568	1378	1697	1339	1703	1459	1406	1435	1497	1446	1692	1607	1563	1544	1621	1489	1324	1675	1537	1480	1581	1732	1860	1562	
1371	1527	1448	1675	1285	1393	1624	1593	1579	1571	1350	1592	1697	1338	1470	1506	1286	1628	1562	1463	1440	1553	1686	1512	1522	1585	1618	1425	1608	1276	1553	1497	1341	1402	1446	1317	1647	1602	1515	1492	1478	1441	1242	1487	1278	1471	1532	1567	1750	1447	
1528	1572	1422	1798	1276	1468	1654	1583	1662	1563	1496	1586	1687	1477	1520	1429	1343	1640	1639	1429	1448	1462	1674	1600	1472	1642	1451	1396	1752	1288	1657	1588	1384	1269	1404	1430	1776	1447	1604	1580	1701	1433	1358	1577	1415	1594	1629	1673	1706	1604	
1547	1694	1511	1825	1447	1618	1677	1623	1753	1609	1494	1594	1711	1400	1630	1521	1313	1711	1728	1509	1551	1649	1751	1553	1678	1684	1748	1528	1811	1255	1624	1607	1308	1538	1607	1522	1765	1697	1666	1720	1515	1525	1367	1576	1503	1604	1527	1519	1806	1626	
1509	1571	1493	1633	1303	1454	1600	1592	1686	1486	1418	1521	1635	1416	1484	1535	1256	1584	1520	1470	1545	1518	1572	1607	1526	1446	1521	1341	1689	1216	1675	1510	1341	1435	1513	1402	1752	1487	1599	1505	1448	1401	1342	1473	1405	1573	1548	1612	1826	1584	
1415	1614	1539	1644	1369	1498	1661	1699	1587	1623	1435	1588	1772	1401	1424	1470	1396	1643	1564	1478	1505	1529	1666	1630	1501	1560	1587	1442	1776	1231	1557	1448	1432	1630	1497	1455	1663	1647	1652	1607	1476	1520	1224	1489	1479	1549	1465	1502	1678	1547	
1294	1411	1324	1437	1210	1324	1390	1404	1440	1421	1224	1355	1418	1201	1350	1290	1227	1368	1408	1321	1147	1343	1485	1329	1286	1369	1526	1195	1392	1092	1454	1295	1218	1412	1338	1230	1501	1446	1518	1346	1273	1302	1044	1284	1334	1305	1217	1293	1479	1364	
1570	1621	1481	1766	1357	1532	1737	1631	1792	1634	1551	1625	1670	1482	1602	1550	1493	1651	1654	1644	1520	1623	1707	1550	1591	1612	1662	1414	1821	1378	1732	1573	1446	1590	1619	1483	1808	1631	1680	1648	1586	1493	1449	1582	1512	1618	1517	1703	1880	1632	
1233	1375	1183	1315	992	1149	1265	1305	1375	1319	1139	1210	1368	1179	1236	1200	1118	1380	1205	1134	1178	1264	1418	1225	1290	1350	1208	1190	1407	1020	1342	1232	1119	1170	1202	1155	1424	1299	1300	1219	1289	1160	1125	1230	1197	1292	1203	1360	1489	1309	
1342	1460	1397	1554	1225	1314	1452	1446	1516	1470	1264	1394	1487	1194	1468	1286	1089	1467	1474	1308	1385	1444	1555	1383	1371	1403	1333	1260	1537	1157	1371	1349	1142	1239	1241	1302	1547	1428	1443	1353	1353	1395	1134	1229	1257	1368	1375	1411	1599	1540	
1502	1594	1537	1664	1404	1492	1647	1673	1616	1530	1381	1514	1731	1385	1561	1532	1396	1701	1560	1522	1464	1562	1798	1535	1621	1506	1591	1313	1697	1225	1672	1579	1406	1667	1489	1430	1617	1538	1588	1656	1426	1345	1320	1579	1471	1566	1500	1600	1684	1558	
1677	1820	1655	1902	1522	1515	1899	1792	1812	1680	1579	1814	1936	1619	1666	1729	1668	1899	1846	1657	1825	1786	1967	1747	1703	1715	1852	1517	1852	1635	1854	1768	1600	1671	1715	1507	1902	1805	1881	1783	1743	1710	1403	1703	1559	1657	1735	1711	1960	1820	
1426	1497	1190	1495	1152	1283	1504	1345	1551	1271	1234	1415	1457	1203	1372	1356	1262	1562	1446	1216	1358	1388	1489	1339	1411	1374	1450	1262	1661	1124	1442	1332	1286	1392	1317	1353	1618	1379	1403	1434	1489	1388	1210	1383	1331	1328	1281	1458	1586	1357	
1095	1299	1262	1437	1073	1184	1373	1298	1443	1391	1141	1338	1389	1170	1242	1167	1047	1333	1260	1238	1307	1263	1369	1294	1199	1250	1341	1186	1410	1112	1383	1200	1021	1106	1245	1154	1466	1269	1271	1226	1259	1360	972	1171	1129	1277	1326	1302	1419	1361	
1501	1577	1337	1522	1338	1444	1631	1527	1615	1469	1441	1446	1688	1351	1542	1481	1386	1639	1523	1488	1548	1477	1633	1447	1528	1443	1565	1268	1651	1228	1610	1484	1390	1564	1303	1409	1620	1470	1615	1615	1454	1309	1337	1423	1307	1363	1465	1411	1517	1547	
1330	1464	1324	1621	1239	1355	1557	1431	1489	1463	1301	1466	1598	1256	1357	1379	1289	1498	1439	1495	1325	1512	1546	1375	1375	1480	1638	1267	1667	1243	1521	1409	1256	1390	1404	1347	1618	1539	1484	1470	1525	1317	1144	1305	1277	1267	1406	1473	1580	1378	
1360	1378	1377	1470	1229	1376	1441	1431	1413	1306	1331	1325	1441	1317	1398	1355	1181	1477	1408	1217	1229	1308	1533	1301	1403	1364	1391	1162	1530	1182	1403	1392	1140	1377	1373	1249	1467	1359	1463	1452	1166	1199	1150	1280	1310	1337	1318	1315	1448	1455	
1445	1448	1169	1458	1301	1338	1487	1552	1485	1402	1406	1386	1452	1278	1538	1483	1239	1598	1602	1450	1510	1343	1447	1582	1430	1398	1394	1206	1705	1226	1544	1435	1316	1429	1291	1368	1532	1454	1543	1492	1435	1253	1414	1516	1423	1424	1332	1552	1640	1486	
1522	1479	1539	1682	1313	1411	1636	1504	1596	1435	1367	1422	1676	1354	1407	1475	1268	1442	1499	1367	1481	1460	1731	1443	1539	1359	1503	1246	1529	1224	1623	1560	1263	1424	1379	1351	1521	1435	1481	1429	1410	1372	1282	1429	1338	1446	1564	1482	1774	1512	
1279	1396	1381	1472	1124	1295	1410	1261	1335	1313	1229	1294	1526	1157	1253	1241	1146	1406	1304	1271	1260	1376	1398	1294	1316	1375	1495	1299	1453	1146	1453	1195	1068	1223	1408	1240	1517	1393	1432	1328	1295	1261	971	1228	1124	1214	1263	1279	1488	1354	
1411	1593	1470	1621	1218	1460	1500	1589	1630	1470	1413	1500	1693	1315	1464	1460	1361	1617	1496	1417	1370	1507	1744	1441	1535	1422	1560	1364	1628	1212	1638	1516	1376	1422	1314	1451	1571	1577	1496	1564	1473	1445	1272	1461	1424	1496	1427	1445	1603	1526	
1412	1545	1356	1518	1176	1398	1480	1630	1484	1348	1442	1530	1503	1374	1419	1387	1250	1571	1552	1334	1410	1281	1519	1512	1325	1486	1462	1234	1623	1242	1345	1431	1309	1351	1315	1271	1688	1501	1623	1451	1420	1337	1248	1384	1360	1389	1333	1449	1693	1478	
